24042;52;30;20;140
23069;50;24;18;140
22738;51;24;19;140
21611;58;35;12;135
60167;51;33;18;135
28004;46;24;17;130
22567;51;29;15;125
23311;51;25;19;140
28092;52;33;17;145
22298;54;32;16;135
21583;51;27;15;130
60523;53;34;16;140
29192;49;26;16;140
28239;51;23;17;140
26894;51;29;17;125
21534;56;49;15;145
61341;53;39;15;135
60350;52;31;14;140
27057;51;42;21;148
27054;51;41;21;148
60013;51;29;17;135
60336;53;32;15;135
60337;54;34;14;140
60566;52;32;16;140
24042;52;30;20;140
23069;50;24;18;140
22738;51;24;19;140
21611;58;35;12;135
60167;51;33;18;135
28004;46;24;17;130
22567;51;29;15;125
23311;51;25;19;140
28092;52;33;17;145
22298;54;32;16;135
21583;51;27;15;130
60523;53;34;16;140
29192;49;26;16;140
28239;51;23;17;140
26894;51;29;17;125
21534;56;49;15;145
61341;53;39;15;135
60350;52;31;14;140
27057;51;42;21;148
27054;51;41;21;148
60013;51;29;17;135
60336;53;32;15;135
60337;54;34;14;140
60566;52;32;16;140
27266;56;30;15;140
24069;47;26;17;125
26642;49;23;17;135
22958;56;44;14;145
28240;54;29;18;135
60595;54;35;17;135
60569;52;39;15;135
22409;53;26;17;135
60351;56;43;13;140
60366;53;40;14;135
27047;48;40;19;145
27069;48;43;23;145
23000;53;29;14;130
28140;53;28;16;135
60345;52;32;16;140
27559;52;28;15;135
60647;53;35;16;135
24054;50;35;20;145
60771;54;30;15;135
21076;54;31;14;125
20959;54;35;15;140
29188;53;29;16;135
22949;49;33;13;125
60245;56;33;16;140
24678;53;28;16;145
22220;52;38;18;145
21370;54;33;15;140
21371;51;33;15;140
21489;53;40;17;135
60349;52;31;14;140
60352;55;37;12;145
27027;53;36;17;148
27650;56;41;18;145
22701;54;32;16;130
21689;50;29;16;140
60564;52;30;15;140
22919;53;31;16;135
60646;54;36;14;135
29572;54;35;16;140
21093;52;29;17;140
21109;52;25;18;135
22108;54;25;17;135
22275;52;30;17;140
61579;47;39;18;135
28971;50;27;16;135
28303;50;29;14;140
29371;45;26;19;130
22457;49;33;20;140
29279;47;27;16;135
60164;52;30;16;135
60353;53;44;17;140
22043;52;28;17;135
28324;53;25;16;145
22703;54;27;15;135
23209;52;36;18;145
22692;50;26;16;140
61222;53;36;17;135
28614;50;39;20;140
28003;44;24;16;125
24997;53;28;16;135
21565;53;36;18;140
21667;52;43;18;140
22563;50;27;16;130
28095;53;44;16;145
21588;53;28;18;140
24263;52;37;17;140
61150;52;27;17;140
61764;54;36;18;140
21369;54;33;15;140
21297;55;38;19;145
60613;54;33;14;135
60759;49;25;18;135
61033;51;45;18;140
60572;52;34;16;140
60631;53;40;18;145
60368;51;42;15;130
23779;47;24;16;130
27001;46;41;22;143
27016;54;31;17;142
27060;51;35;17;148
27037;50;38;19;145
21862;51;27;16;135
21164;51;28;17;135
26250;49;29;16;140
22562;50;26;16;130
22444;53;39;17;135
61657;51;32;15;125
60657;54;41;14;140
28256;53;33;16;140
27651;51;32;16;135
21499;51;32;17;140
22029;53;26;17;140
60242;54;32;16;140
28041;53;30;14;140
27704;50;27;14;140
27708;46;38;21;135
60614;52;36;15;135
24485;47;40;19;140
60788;49;24;14;135
61030;54;43;12;140
61362;51;39;17;140
60573;52;34;16;140
21216;52;26;17;140
21518;54;36;16;140
21516;58;49;12;140
22694;51;34;16;135
20968;53;39;18;140
23081;53;27;17;135
22570;51;28;15;130
22406;51;27;19;140
21584;53;26;15;135
22224;49;37;20;140
23040;53;32;16;140
28026;51;30;16;135
22210;52;27;16;135
22963;54;29;17;140
61707;51;45;18;140
60079;53;30;18;140
60370;53;31;16;135
23712;51;35;16;140
28471;53;35;16;140
22998;52;25;17;135
21688;50;29;16;140
60348;53;27;16;140
27624;48;26;16;130
21720;53;29;18;135
29132;48;25;16;135
22569;51;28;15;130
22435;51;30;16;140
21679;50;25;17;130
28038;54;30;17;120
22225;49;37;20;140
27791;54;32;15;135
20990;51;36;16;135
28897;54;31;17;140
22187;51;35;19;145
28243;55;40;14;135
22201;45;25;18;130
60622;52;40;16;140
60354;52;34;14;140
60371;54;39;17;135
60030;52;31;17;135
27064;51;35;17;148
60998;52;25;19;140
21383;48;40;20;145
26256;49;37;17;135
22311;55;31;16;140
22699;48;24;15;130
61019;46;37;20;135
22561;52;28;16;135
23044;52;30;16;140
21372;51;33;15;140
60608;50;42;19;145
60618;55;38;16;140
60077;50;27;18;135
60359;51;43;16;135
60372;52;40;15;140
27013;55;37;18;148
60009;52;41;15;140
60342;53;44;15;140
28572;46;39;21;140
60219;55;29;20;143
60444;55;31;15;145
24216;54;34;15;140
22568;53;29;16;135
28103;54;33;15;135
28062;51;32;17;140
28068;52;30;15;135
60580;53;43;15;140
61357;54;32;16;135
28237;54;29;17;140
28241;50;25;17;140
27718;50;28;15;135
21812;54;33;18;145
24174;55;38;16;130
21210;53;35;18;145
60306;51;39;17;130
60203;52;30;16;135
21608;54;34;16;135
61028;51;34;19;140
21482;54;31;16;135
60373;53;41;14;140
27025;52;36;16;145
24163;56;35;13;140
26082;46;25;17;135
22348;44;25;17;120
60679;52;43;16;135
60644;53;44;16;140
24061;50;32;21;138
27391;48;35;21;145
22565;51;26;15;130
60274;53;29;18;135
29195;48;26;15;135
24415;50;25;19;135
24271;49;37;21;140
22240;54;33;16;135
61379;52;30;15;140
21437;51;35;14;135
61035;50;36;21;140
27049;51;38;19;148
24762;51;28;17;135
60330;55;42;16;140
21540;53;27;18;140
23005;53;29;16;135
23090;53;35;17;125
24442;52;25;16;135
60959;55;41;16;140
60278;50;27;16;135
60285;52;35;15;135
29576;56;44;9;140
22354;51;27;19;145
22241;54;33;16;135
60200;52;28;17;140
28965;50;36;18;140
23110;51;29;17;140
60159;50;26;17;130
60369;51;42;15;130
60375;52;36;16;145
28313;52;29;17;140
29916;52;25;15;140
60331;55;43;14;150
61215;53;44;15;140
29324;47;29;18;135
24037;51;47;17;140
23096;52;28;16;135
28764;51;25;16;130
28089;51;35;20;145
21113;51;25;17;135
21137;52;26;18;135
26109;49;27;15;134
28236;51;24;18;135
22242;54;33;16;135
21323;55;31;14;145
60617;53;38;15;140
27873;51;26;17;130
21490;53;40;17;135
27645;49;33;21;140
21682;51;30;15;140
22612;52;27;16;135
28047;52;27;17;135
28077;49;38;21;140
28076;49;38;21;140
28922;55;26;15;135
29194;48;26;15;135
27665;51;29;16;130
28304;51;29;16;140
21655;52;33;17;140
22243;54;33;16;135
22799;52;36;18;140
23038;53;32;16;140
60500;48;35;19;135
22504;51;26;15;135
23696;52;30;16;135
27029;53;36;17;148
27030;53;36;17;148
27052;51;38;19;148
27644;50;41;19;145
21860;52;27;15;135
22997;51;41;18;140
21838;53;31;15;125
22924;54;42;14;130
22436;51;30;16;140
22439;53;38;15;135
26643;47;22;17;130
29646;42;34;22;140
60553;52;27;18;135
21650;53;33;18;140
60296;52;41;16;135
22505;53;27;15;130
28333;53;36;19;145
28289;52;28;16;135
27035;50;38;19;145
24277;50;25;16;130
21645;53;36;17;140
60616;54;37;15;135
24733;55;33;17;135
61578;51;28;16;135
22506;52;29;15;135
60327;55;31;17;135
27038;50;38;19;145
27641;51;34;18;143
24166;52;31;16;135
21391;54;41;15;135
60561;52;42;20;140
60334;53;34;16;135
28543;50;35;20;145
60445;55;31;15;145
29113;47;25;17;130
21128;52;32;17;140
60490;52;27;16;135
22507;52;29;15;135
20985;53;28;15;135
60335;53;30;16;135
28585;48;39;23;140
28194;54;28;14;135
27705;47;37;17;140
60864;51;26;18;135
28244;50;36;21;140
60764;51;25;17;140
60323;55;29;15;135
27028;53;36;17;148
21687;51;32;15;140
21558;55;41;15;140
26085;54;27;15;135
23057;52;25;18;140
22566;51;30;15;125
22668;48;24;19;130
22450;52;31;16;135
28051;52;26;15;140
28100;49;44;22;140
60556;49;24;18;140
27435;49;27;16;130
60876;51;26;17;135
21476;55;38;14;135
22980;50;27;17;135
23678;44;24;16;125
22717;51;27;17;140
60557;54;26;15;135
21636;50;40;22;150
27871;53;26;17;135
24955;53;30;18;140
23372;44;25;17;130
22542;52;27;20;140
27393;48;35;20;145
26086;52;28;14;135
60581;53;43;16;140
28874;48;32;16;135
28296;52;28;15;135
21771;52;37;18;145
22326;50;33;17;135
22685;49;24;16;135
28246;50;36;18;140
27036;50;38;19;145
27073;53;40;17;148
26996;51;27;18;135
24232;50;43;20;140
28546;48;32;20;145
24053;50;35;20;145
22442;52;38;17;135
22272;54;29;15;140
21533;54;43;15;140
22639;50;26;16;135
23020;49;29;16;135
60571;52;39;15;135
28312;54;40;19;145
27034;50;38;19;145
28030;50;34;20;145
28084;51;35;20;145
28093;52;33;17;145
27897;53;29;19;140
22328;53;33;17;145
60204;52;30;16;135
27642;51;34;18;143
28571;46;39;21;140
60218;55;29;20;143
24024;49;26;15;135
24132;56;32;15;140
23003;52;28;19;135
23068;49;31;17;140
28832;51;27;15;135
22329;53;33;17;145
27857;53;25;15;137
60324;54;29;16;140
28584;48;39;23;140
28589;52;37;19;140
22714;56;36;17;140
28091;52;33;17;145
21116;55;29;17;140
22741;51;30;18;140
22330;53;33;17;145
24480;51;46;18;138
20983;50;24;16;135
28562;46;40;20;145
20945;52;37;18;135
28072;52;32;16;135
28799;53;27;15;135
23196;50;27;15;135
23375;44;25;17;130
21088;52;25;16;135
21110;54;32;17;135
28875;48;32;16;135
22332;54;30;17;140
24135;51;38;20;140
21138;54;28;17;135
21498;51;38;17;140
28907;51;35;14;135
23252;51;25;14;135
23255;52;27;13;140
29541;56;28;16;135
22920;53;31;16;135
26140;46;28;20;140
22296;54;31;16;135
22334;54;30;17;140
21390;53;29;17;135
27622;48;26;16;130
21762;49;37;21;140
21807;51;31;17;145
22335;51;34;19;145
27837;57;27;16;142
29544;52;33;17;135
24998;50;27;17;135
28834;53;26;16;135
28098;53;44;16;145
22336;51;34;19;145
22656;52;27;18;135
28088;51;35;20;145
28228;49;37;19;135
27408;52;27;15;140
22337;51;34;19;145
27171;44;27;19;130
22995;54;30;14;135
27563;51;28;16;135
24212;52;38;19;140
28061;51;32;17;140
26673;52;27;15;140
27697;49;31;19;140
28487;55;31;18;140
60316;60;34;21;150
24213;50;37;19;140
22230;52;29;15;140
27789;52;27;15;135
22985;51;43;17;140
24046;49;39;18;138
28204;51;33;20;145
22278;53;32;16;135
21840;51;27;16;135
22167;53;34;17;140
22232;53;33;18;140
27701;51;27;16;135
60163;54;30;15;135
24204;52;25;17;143
27876;52;27;14;135
27033;50;38;19;145
29321;45;26;19;133
22922;53;31;16;135
23429;51;25;18;135
26192;53;26;17;135
22438;53;38;15;135
22737;51;28;18;140
22238;54;33;18;145
27382;46;39;23;145
23313;52;26;18;135
28086;51;35;20;145
22239;53;33;16;135
27790;54;32;15;135
28453;54;26;18;135
27045;48;41;19;145
22033;51;26;16;135
28900;54;33;16;135
27043;48;40;19;145
27156;49;24;14;130
22739;50;30;18;140
22549;54;28;18;145
29282;47;26;18;135
26641;47;23;17;130
28090;52;33;17;145
21074;52;28;16;136
27643;50;41;19;145
22947;51;25;18;135
27063;51;35;17;148
21649;53;33;18;140
28063;50;33;16;140
21143;55;25;17;135
21842;50;25;18;135
28534;46;40;19;145
23047;53;26;17;135
21586;54;29;15;140
21305;52;26;16;135
22735;52;29;20;140
22362;49;34;19;140
60165;52;30;16;135
23085;53;27;17;135
28772;49;25;15;130
27944;52;27;17;135
28902;54;33;17;135
22743;52;28;18;140
25650;48;26;17;135
21845;48;25;19;135
28002;44;24;16;125
29435;52;37;14;145
23097;56;32;17;135
26073;55;34;16;135
27874;51;26;17;130
21302;49;25;19;135
23253;51;25;14;135
23051;56;28;14;135
61148;57;40;18;140
27875;52;27;14;135
21538;54;27;18;140
23055;55;32;17;140
26937;50;25;18;135
28452;54;26;18;135
27068;48;43;23;145
27096;49;26;18;135
28454;54;26;18;135
61058;51;30;16;140
27041;52;40;19;145
61306;54;31;14;130
28537;52;27;18;145
21526;52;34;15;135
23035;53;26;18;140
21131;54;35;14;140
22297;54;32;16;135
28230;53;27;16;135
26976;52;42;18;140
26318;51;25;17;140
60651;53;35;15;140
23056;55;32;17;140
23067;53;28;16;140
28258;53;33;16;140
24019;50;26;19;135
61312;53;29;13;135
61316;54;39;18;135
61319;52;40;18;135
22121;53;29;13;140
27046;48;40;19;145
27059;51;42;21;148
22448;50;27;16;135
28034;50;25;15;145
21080;54;27;17;140
28096;53;44;16;145
23062;53;26;16;137
28097;53;44;16;145
21322;55;31;14;145
28066;50;33;16;140
21505;51;38;17;140
25258;45;31;24;135
22270;53;33;14;140
21621;53;48;16;140
21480;55;34;15;135
27709;45;36;18;140
27042;48;40;19;145
21158;52;28;19;140
21089;55;26;17;140
21575;54;38;18;145
60292;56;44;9;140
25001;44;30;14;120
24181;48;26;16;130
21379;53;31;17;145
27946;51;24;17;140
21075;51;28;18;140
29320;45;26;19;133
27053;51;38;20;148
27439;48;27;17;130
27440;48;27;17;130
27431;47;28;14;125
27434;45;26;15;120
27436;47;28;14;125
21165;53;28;17;140
22110;52;35;16;140
29283;45;25;18;135
26509;49;24;16;135
29292;44;30;19;128
60707;53;30;18;140
29290;49;26;16;135
60792;55;32;17;140
29288;49;25;16;135
29289;49;26;16;135
29287;49;26;16;135
29291;44;29;19;128
27437;47;28;14;125
27438;49;29;16;130
22897;51;27;18;140
21157;53;30;19;140
28210;53;27;16;140
28042;52;28;18;140
21148;54;24;18;135
21149;54;24;18;135
21150;54;24;18;135
60288;50;44;16;140
27636;49;32;16;143
21373;51;32;15;135
20987;51;37;16;135
27707;46;38;21;135
60275;53;29;15;140
28229;53;27;16;135
27003;55;37;18;148
28269;53;32;16;140
27639;51;31;18;143
21726;53;26;15;135
23017;53;34;19;145
28268;50;26;15;135
28270;50;27;15;135
27703;50;27;14;140
27698;49;31;19;140
60661;48;25;15;130
23065;52;26;14;135
24999;54;27;14;130
28227;52;28;15;140
27646;49;33;21;140
28074;53;31;15;135
60287;52;35;15;135
26161;45;26;17;125
21073;50;28;18;136
23076;50;29;20;135
23078;53;27;16;140
29378;54;34;16;135
29391;52;28;17;135
29393;52;28;17;135
29394;51;27;18;135
29395;49;27;18;130
29396;49;26;18;130
24414;50;25;19;135
27058;51;41;21;148
24010;53;26;18;135
24514;50;28;16;140
24516;50;28;16;140
24523;54;30;15;140
24536;51;32;17;135
24540;52;35;19;135
24449;51;37;15;135
24457;50;31;18;145
24458;50;31;18;145
24461;49;29;17;138
24467;51;34;19;135
24470;53;34;17;145
24483;51;46;18;138
24484;46;40;19;140
24493;50;38;18;138
24497;50;29;19;138
24503;51;38;18;138
24506;51;33;15;138
24508;51;33;15;138
24509;51;33;15;138
24512;54;31;17;140
60858;52;27;16;140
60859;52;27;16;140
60860;51;27;18;140
60861;51;27;18;140
60794;52;26;16;140
60795;52;26;16;140
60798;51;28;16;135
60799;51;28;16;135
60862;51;26;18;140
60863;51;26;18;140
60865;51;26;18;135
60866;53;30;17;135
60867;53;30;17;135
60868;53;30;17;135
60869;49;26;17;140
60870;49;26;17;140
60871;52;26;17;140
60872;52;26;17;140
60800;49;24;17;135
60801;49;24;17;135
60802;49;24;17;135
60873;49;29;18;135
60874;49;29;18;135
60875;51;26;17;135
60878;50;26;16;135
24719;57;38;15;140
24717;57;38;15;140
24718;57;38;15;140
24721;53;37;16;135
24722;53;37;16;135
24723;53;31;17;135
24725;53;34;17;135
24726;53;34;17;135
24729;56;41;17;135
24730;56;41;17;135
24731;55;33;17;135
24734;57;36;15;140
24738;58;40;15;135
24739;58;40;15;135
24740;53;33;13;135
24741;53;33;13;135
24742;52;34;15;135
61342;53;39;15;135
61401;53;30;18;145
61402;53;30;18;145
61403;55;30;18;145
61404;55;30;18;145
61392;60;32;16;155
61394;54;31;20;145
61399;54;30;18;140
61390;56;36;18;145
60803;51;25;16;135
60804;51;25;16;135
22403;52;26;16;135
23242;52;34;16;140
60760;52;25;18;135
60761;52;25;18;135
23245;51;32;16;140
60075;49;33;17;140
23247;50;26;16;135
60076;52;30;18;140
60090;50;34;17;135
20619;48;22;16;135
20621;51;25;19;140
20630;52;25;16;125
20636;52;24;16;135
24579;52;26;17;135
24583;50;26;18;135
20654;50;25;18;137
24593;50;25;17;135
24602;50;25;17;140
24604;53;28;17;135
20663;52;28;17;135
24613;52;27;17;140
24622;54;28;16;135
20684;50;29;17;135
20694;52;31;16;140
20605;48;25;18;135
20611;54;32;15;145
61705;53;26;16;135
61020;53;28;15;140
28242;53;28;15;140
21610;58;35;12;135
61706;52;39;19;145
21612;53;28;14;140
21613;53;28;14;140
61048;51;40;16;140
61708;51;39;16;140
61021;52;29;16;135
61022;52;29;16;135
61023;51;37;15;135
61024;55;40;14;135
61710;53;33;15;135
61025;55;31;13;135
21619;53;29;16;135
61711;47;37;20;140
61026;47;37;20;140
21620;50;28;14;140
61027;51;34;19;140
61029;53;47;16;140
61031;54;43;12;140
61032;52;40;15;140
61034;52;35;18;140
21625;48;41;18;140
61036;49;42;18;140
61037;49;42;18;140
61038;49;42;18;140
28245;52;35;16;145
61039;52;43;16;140
61040;52;43;16;140
61041;51;43;19;140
61042;51;43;19;140
61043;51;43;19;140
61044;51;43;19;140
61045;54;34;14;140
61046;54;34;14;140
61047;52;38;15;135
22456;49;33;20;140
22708;49;29;16;135
22458;49;25;17;140
22459;49;25;17;140
22460;49;25;17;140
23179;48;39;17;135
22704;53;24;17;140
22706;51;27;18;140
22705;51;27;18;140
22707;52;26;16;135
23021;52;27;16;135
23022;51;27;15;135
23023;53;28;14;135
60118;52;26;15;135
60119;52;26;15;135
60120;51;27;15;130
60123;50;30;17;135
60121;50;30;17;135
60122;50;30;17;135
60126;49;27;16;135
60125;49;27;16;135
60127;49;27;16;135
60124;49;28;16;130
21864;53;28;16;135
21863;51;27;17;140
60700;48;24;17;135
60701;46;23;16;130
60702;45;23;18;130
21468;49;26;17;135
21455;48;23;16;135
21465;49;26;17;135
21464;49;26;17;135
21456;46;24;16;130
21463;48;26;16;135
21467;50;24;17;138
21466;50;24;17;135
21457;47;25;16;125
21458;47;25;16;125
21443;55;30;15;135
21451;55;32;17;145
22192;48;25;17;135
29269;47;27;17;138
60660;50;25;17;135
60663;48;25;16;135
29272;47;27;16;135
29273;47;27;16;135
29274;48;25;19;135
22197;49;25;17;135
60664;49;25;17;135
60665;49;26;15;140
22199;50;26;14;140
29276;50;26;18;135
60662;48;25;15;130
60667;51;25;14;135
60668;51;25;14;135
61363;52;34;16;140
21527;52;39;13;140
61343;50;41;17;140
61344;52;32;14;140
61345;52;32;14;140
61346;52;46;17;145
61347;52;46;17;145
61348;52;35;15;140
61349;52;35;15;140
61350;53;39;17;140
61351;52;46;17;145
61352;51;42;18;140
60789;52;27;15;135
23251;51;27;15;140
27424;50;25;15;130
23256;53;28;15;135
26033;51;26;15;135
23257;53;35;14;135
23258;52;26;16;135
23260;52;26;15;135
60790;49;25;16;135
61639;55;33;16;140
61640;52;31;17;135
61641;48;33;18;145
61642;48;33;18;145
61645;52;27;16;140
61646;52;30;18;135
61647;52;30;18;135
61648;51;24;18;135
61649;60;44;18;145
22149;50;26;17;135
22150;52;28;18;135
60078;53;28;19;135
61573;49;24;15;135
61575;49;24;15;135
61574;49;24;15;135
22151;53;27;17;135
60169;53;27;17;135
61576;52;27;16;130
61577;52;27;16;130
22942;52;26;16;135
60115;51;39;14;135
60166;53;32;14;140
60117;52;32;17;135
61074;51;32;18;135
61073;51;32;18;135
60168;51;33;18;135
21375;51;26;18;145
20946;52;27;16;135
21605;51;27;16;135
20947;53;29;15;135
20949;52;32;16;135
20950;52;32;16;135
20951;52;32;16;135
20953;51;29;15;135
20954;51;29;15;135
21389;51;29;17;130
20952;51;31;16;130
60670;49;25;15;135
60671;50;26;16;135
61078;48;24;16;135
60674;50;25;17;135
60765;51;24;17;140
22522;50;25;16;135
28380;52;29;16;135
28381;52;29;15;130
28382;52;29;15;130
28384;53;30;14;140
28385;53;30;14;140
28387;52;26;16;135
28388;52;26;16;135
28389;53;31;13;130
28391;53;31;13;130
28393;53;29;16;130
28394;53;29;16;130
28396;50;28;15;130
28397;50;28;15;130
28398;52;33;17;135
28399;52;33;17;135
28400;50;27;16;130
28401;50;27;16;130
28402;50;27;16;130
28403;52;29;15;130
28406;50;30;14;132
28407;50;30;14;132
28408;51;26;15;135
28409;51;26;15;135
28419;50;30;16;130
28420;50;30;16;130
28421;50;30;16;130
28422;52;30;13;135
28423;52;30;13;135
28424;50;25;15;130
28425;50;25;15;130
28426;53;25;16;140
28427;53;25;16;140
28428;53;28;16;135
28429;53;28;16;135
28430;53;28;16;135
28431;52;26;16;135
28437;55;30;18;140
28438;55;30;18;140
28439;48;28;16;135
28440;48;28;16;135
28441;48;28;16;135
28442;51;28;15;135
28443;51;28;15;135
28444;51;28;15;135
28446;51;29;15;130
28449;50;26;16;135
28450;52;26;16;135
28451;52;26;16;135
28455;53;28;18;135
28456;53;28;18;135
28457;53;28;18;135
28458;53;33;16;135
28459;53;33;16;135
28460;53;33;16;135
28461;51;27;17;135
28462;51;27;17;135
28463;52;36;17;130
28465;50;26;15;132
28466;50;26;15;132
28467;50;26;15;132
28469;52;30;14;127
28470;52;30;14;127
60619;52;29;15;135
60620;54;26;15;135
60624;56;38;15;135
60625;56;38;15;135
60627;52;27;19;140
60628;52;26;18;140
60629;52;38;18;140
60630;57;34;16;140
60632;53;40;18;145
61353;54;29;14;140
21481;54;31;16;135
61354;54;38;16;140
21477;53;40;16;135
21478;53;40;16;135
61355;51;35;15;140
61356;53;28;18;140
21479;55;30;18;135
22648;51;35;17;135
29293;50;38;19;137
22645;50;28;15;135
60884;49;27;17;135
60885;49;27;17;135
60886;49;27;17;135
60887;49;27;17;135
60808;48;27;18;135
60809;48;27;18;135
60810;48;27;18;135
60929;51;27;17;135
60930;51;27;17;135
60931;51;27;17;135
60811;53;33;20;140
60812;53;33;20;140
22115;52;26;15;135
22124;52;32;17;140
22122;52;32;17;140
22125;53;26;16;135
22126;51;25;16;135
22127;53;26;17;135
60355;53;36;15;140
60356;53;29;16;135
60358;51;43;16;135
60360;52;31;17;135
60362;53;34;16;140
60363;52;29;15;140
60364;52;29;15;140
60367;53;33;15;130
26552;48;27;16;135
60393;50;36;18;140
60398;50;32;17;140
22524;44;29;22;140
60806;53;27;17;145
60807;53;27;17;145
23700;52;27;15;135
23701;52;27;15;135
23702;52;27;15;135
23703;52;27;15;135
24963;52;29;16;140
24964;52;29;16;140
24965;52;29;16;140
60436;50;26;15;135
24702;51;30;17;140
24703;51;30;17;140
24705;51;30;17;140
23704;53;30;16;140
24706;50;36;19;140
24707;50;36;19;140
24708;50;36;19;140
24967;53;30;17;135
24944;53;29;16;140
24946;53;29;16;140
24947;53;29;16;140
24709;53;31;16;140
24710;53;31;16;140
24712;53;31;16;140
24698;52;27;17;135
24700;52;27;17;135
24701;52;27;17;135
24922;53;33;17;140
24924;53;33;17;140
24923;53;33;17;140
24925;53;27;18;135
24928;53;27;18;135
24932;53;28;17;135
24933;53;32;16;140
24934;53;32;16;140
24936;53;32;16;140
23690;50;28;18;135
23685;51;28;16;135
23686;51;28;16;135
23687;51;28;16;135
24654;53;33;19;145
24655;53;33;19;145
24657;53;33;19;145
24658;55;37;19;145
24659;52;37;18;140
24660;55;37;19;145
23708;52;26;16;135
23709;52;26;16;135
23710;52;26;16;135
23711;52;26;16;135
24937;50;29;17;140
24939;50;29;17;140
24661;45;34;22;145
24663;45;34;22;145
24664;45;34;22;145
24665;45;34;22;145
60438;57;32;14;140
24941;54;30;17;140
23761;46;26;15;125
23763;46;26;15;125
23737;49;29;16;135
23765;49;32;16;130
23767;47;27;14;125
23768;47;27;14;125
23741;49;26;17;135
23744;47;27;17;130
23745;47;27;17;130
23771;46;24;14;125
23774;49;26;15;140
23777;47;24;16;130
23781;50;26;15;135
23749;46;23;16;125
23783;47;25;15;125
23785;47;25;15;125
23786;50;31;16;130
23787;50;31;16;130
23752;50;27;17;130
23790;50;25;16;135
23713;51;35;16;140
23714;51;35;16;140
24970;54;35;16;140
24971;54;35;16;140
24972;54;35;16;140
24666;52;27;15;135
24668;52;27;15;135
24669;52;27;15;135
23716;50;30;17;135
23718;50;30;17;135
24670;54;30;17;140
24671;54;30;17;140
24672;54;30;17;140
24673;54;30;17;140
24948;53;32;18;140
24949;53;32;18;140
24950;53;32;18;140
24974;52;28;15;135
24976;52;28;15;135
24951;51;28;17;135
24953;51;28;17;135
24977;52;34;17;140
24978;52;34;17;140
24979;52;34;17;140
24989;54;30;18;145
23719;50;34;17;140
23720;50;34;17;140
23721;50;34;17;140
23723;51;30;16;135
23725;51;30;16;135
24990;52;26;18;135
24991;52;26;18;135
60439;52;27;15;135
60440;50;28;17;135
60441;50;28;17;135
24958;53;30;18;140
23698;52;30;16;135
23699;52;30;16;135
60442;47;26;15;125
24959;52;31;18;140
24961;52;31;18;140
24962;52;31;18;140
23727;52;27;15;140
23728;52;27;15;140
23729;52;27;15;140
24685;52;26;17;135
24690;50;24;18;135
24691;53;26;17;140
24693;53;26;17;140
24694;53;26;17;140
24983;54;31;17;140
24984;54;31;17;140
24985;54;31;17;140
23680;53;29;17;140
23681;53;29;17;140
23682;53;29;17;140
23683;53;29;17;140
21207;52;26;16;140
61765;51;27;17;130
61767;53;26;15;140
28311;54;40;19;145
28314;52;29;17;140
28325;54;35;18;145
28327;54;35;18;145
28329;56;31;18;145
28330;52;30;19;140
28332;53;36;19;145
28334;55;39;18;145
28336;55;39;18;145
28337;54;27;18;140
28338;54;27;18;140
28339;54;27;18;140
28340;56;44;17;140
28341;56;44;17;140
28347;55;30;17;140
28350;54;30;18;145
61650;50;27;18;140
28357;53;28;16;145
28358;53;28;16;145
28359;53;28;16;145
21327;52;32;18;140
28369;52;27;18;140
28370;52;27;18;140
28371;52;27;18;140
28374;52;29;16;135
28375;55;26;18;140
28376;55;26;18;140
28377;53;32;18;140
28378;53;32;18;140
28273;53;28;15;135
26355;51;23;16;130
28276;50;25;16;135
28884;54;30;15;140
28280;52;33;17;135
28281;52;33;17;135
28282;52;33;17;135
28891;52;28;16;135
28893;52;32;16;135
24867;49;26;16;135
28290;52;30;16;135
60026;52;33;17;135
60027;53;30;16;135
60028;53;30;16;135
60029;52;31;16;135
60031;51;31;17;135
60034;52;36;15;140
60039;51;33;16;140
60156;52;32;17;135
28472;53;35;16;140
60044;55;39;20;150
60045;55;34;16;140
60046;55;34;16;140
28488;55;31;18;140
28493;50;36;20;135
28494;50;36;20;135
60529;52;29;17;140
61635;53;28;17;145
61636;50;31;20;135
28500;53;28;17;135
60048;54;33;18;145
28505;51;29;16;135
28506;51;29;16;135
61638;50;30;19;135
60526;49;32;16;135
60527;49;32;16;135
60528;49;32;16;135
28508;54;29;18;140
28509;44;35;22;140
28510;44;35;22;140
28511;44;35;22;140
28514;54;34;18;140
60049;50;31;15;135
60050;50;31;15;135
60209;52;27;16;140
60210;52;27;16;140
60211;52;29;19;140
60212;53;27;17;140
60213;53;27;17;140
60214;51;29;17;140
60216;52;34;16;133
60322;52;29;17;135
60328;55;33;16;140
60326;54;27;18;135
27011;46;41;22;143
27004;51;41;21;148
27056;51;41;21;148
27024;51;41;21;148
27055;51;42;21;148
27017;54;30;17;145
27032;53;36;17;148
27061;51;35;17;148
27044;48;40;19;145
27066;50;35;20;148
27048;51;38;20;148
27050;51;38;20;148
27051;51;38;20;148
27067;48;43;23;145
27072;53;40;17;148
27074;53;40;17;148
27637;49;32;16;143
22700;54;32;16;130
22702;54;27;15;135
29915;50;24;17;135
24868;50;26;16;135
60002;53;28;16;135
60004;51;29;16;135
60012;51;29;17;135
60008;52;34;16;140
60007;52;34;16;140
60010;52;41;15;140
60011;52;45;15;140
60017;53;38;16;140
60014;53;41;15;140
22084;54;33;14;140
22085;54;33;14;140
22086;54;33;14;140
24164;53;31;15;130
61569;55;43;17;145
61568;56;41;16;135
61570;56;41;16;135
61567;56;43;15;135
61571;56;43;15;135
61566;54;29;16;140
61572;54;29;16;140
61565;53;41;18;140
24750;55;29;16;140
24751;53;28;15;140
24752;53;28;15;140
24754;51;27;16;140
24756;51;27;16;140
24759;52;26;16;140
24761;52;26;16;140
24766;52;30;15;135
21572;57;30;16;135
24768;57;39;15;135
24769;57;39;15;135
24772;55;28;16;135
24773;55;28;16;135
24779;52;28;17;135
24781;52;32;17;135
24782;55;32;17;135
24785;56;29;16;135
29198;49;32;18;135
29215;53;38;17;135
29214;55;40;17;135
29219;54;36;18;135
60909;53;31;17;140
60910;50;28;17;135
60911;53;30;17;135
60925;51;30;18;130
61211;49;25;18;135
60926;49;25;18;135
60927;49;28;16;135
60928;50;28;18;135
21825;51;29;19;135
21824;51;29;19;135
21826;51;29;16;130
21827;51;30;16;130
21828;51;31;17;135
21829;49;25;18;135
22346;49;25;18;135
22347;51;30;16;135
21830;50;29;18;135
60990;51;28;14;140
60992;54;28;15;135
60991;53;29;14;140
60993;52;26;16;135
60994;51;24;15;140
60995;51;24;15;140
60996;53;35;16;140
60997;53;26;17;140
60999;52;25;19;140
61000;52;28;19;140
61001;52;28;19;140
61081;52;26;16;140
27694;53;29;17;140
21392;54;33;15;140
21219;52;30;14;140
24675;50;27;17;135
21836;50;27;17;135
21835;50;27;17;135
60923;52;29;16;135
21837;53;31;15;125
61002;48;24;16;135
61003;48;24;16;135
61004;47;24;19;135
61005;47;24;19;135
61006;51;27;18;135
24677;48;25;18;135
60924;48;25;18;135
26991;48;24;19;145
60879;50;27;17;135
26979;50;28;17;135
60880;50;27;17;135
22351;50;28;18;135
22352;47;26;15;135
21832;47;26;15;135
26993;51;26;17;135
26992;51;26;17;135
60881;51;28;16;135
60932;45;24;17;120
60882;50;24;17;135
21834;50;25;17;135
60883;44;27;16;120
24674;50;27;17;130
22349;44;25;17;120
60704;54;29;16;135
21155;54;29;17;140
21156;54;32;17;140
21159;53;36;19;145
21162;50;35;20;145
21167;51;28;17;135
21166;53;28;17;135
26251;49;29;16;140
26252;49;29;16;140
60319;64;35;18;145
60318;61;32;20;150
60317;60;29;21;150
60312;64;37;18;150
60314;60;35;21;150
60313;61;37;20;150
60311;60;32;18;150
21686;51;32;15;140
22181;50;29;16;140
60676;57;33;15;140
22624;53;26;16;135
60677;52;28;15;140
60678;50;35;15;140
22983;50;27;18;135
22626;50;25;17;135
22982;56;29;16;140
29373;46;30;18;130
22787;50;24;16;135
22789;50;25;17;135
61051;53;28;17;140
61557;55;30;17;140
61558;54;27;18;140
61554;54;32;16;140
61052;51;25;15;135
61053;49;26;18;135
61054;55;28;17;140
61055;54;33;17;130
61559;53;28;17;140
61555;53;32;17;135
27769;52;32;16;145
61560;54;37;16;145
61056;52;29;16;140
61050;52;32;15;135
61057;52;32;15;135
61059;51;30;16;140
61561;54;32;18;145
61060;50;36;17;135
61049;54;34;18;140
61556;53;42;17;140
61061;53;42;17;140
61563;53;42;17;140
61062;54;27;18;140
61564;54;27;18;140
61063;52;27;18;140
61064;53;36;16;135
61065;53;36;16;135
61066;53;39;16;135
61067;53;39;16;135
61068;52;32;17;135
61069;52;32;17;135
61070;52;32;17;135
61071;51;30;17;135
61072;51;30;17;135
23220;52;31;16;140
61212;52;42;20;140
61304;59;32;16;135
61307;56;36;15;130
61308;56;36;15;130
61220;54;35;16;145
61303;52;29;16;130
22312;55;31;16;140
22313;55;31;15;135
22314;55;31;15;135
61305;52;30;16;135
22315;54;35;16;135
22316;54;35;16;135
61213;52;29;13;130
60338;54;33;15;140
60339;53;37;16;140
60340;51;30;17;135
21520;52;27;15;135
60562;52;27;15;135
60341;53;35;14;140
60343;53;44;15;140
21523;54;34;15;135
61216;54;34;15;135
61217;52;41;17;140
61218;52;39;18;140
61219;55;31;17;135
61083;52;30;17;135
22413;52;28;18;135
22417;53;35;16;135
22418;53;35;16;135
61085;52;41;20;135
22969;53;33;17;135
22968;53;33;17;135
61086;53;33;16;135
61087;53;33;16;135
61088;52;37;17;135
61089;52;37;17;135
21344;48;26;16;140
21343;48;26;16;140
22587;51;26;16;135
29303;52;24;15;140
29310;42;23;17;130
29312;42;22;17;130
22419;50;27;17;140
24248;52;26;16;130
22574;51;28;16;135
22575;52;26;15;135
22602;52;26;17;135
22603;53;27;16;135
23029;52;25;17;135
23030;52;25;17;135
21352;54;30;15;140
61223;53;36;17;135
21403;51;27;18;135
61225;52;27;16;135
27711;53;29;14;135
61227;49;37;19;135
61228;49;37;19;135
60683;50;38;16;135
27712;53;30;17;135
27713;53;30;17;135
27714;51;31;18;135
27715;51;31;18;135
61230;50;38;17;135
61232;52;38;17;135
61231;52;38;17;135
61233;52;38;17;135
29317;45;33;20;135
29322;45;26;19;133
23379;44;25;16;130
27716;46;25;17;130
25621;45;27;20;140
60688;53;31;15;135
28645;52;35;19;145
28646;50;33;19;140
28647;52;35;19;145
28648;57;33;19;145
28652;56;37;16;145
28653;57;31;18;145
28656;56;36;17;150
28663;55;32;17;145
28664;55;32;17;145
28665;44;34;22;140
28667;57;30;18;145
28668;57;30;18;145
28669;47;38;22;145
28670;47;38;22;145
28671;47;38;22;145
28611;52;34;19;145
28613;54;27;17;145
28615;50;39;20;140
28616;50;39;20;140
28617;46;34;19;140
28618;46;34;19;140
28619;46;34;19;140
28620;54;31;17;135
28621;54;31;17;135
28622;55;39;17;140
28623;55;39;17;140
28627;60;31;18;135
28631;54;32;17;145
28632;54;32;17;145
28634;54;30;20;145
28637;54;29;18;135
28638;54;29;18;135
23673;45;23;16;125
23674;47;24;15;125
23675;47;24;15;125
23676;46;24;17;130
28005;45;26;15;125
23677;45;24;15;125
28006;45;26;15;125
24272;48;24;15;125
24274;41;33;19;125
24275;41;33;19;125
24276;50;25;16;130
27623;48;26;16;130
61176;47;30;17;130
61174;47;30;17;130
61175;47;30;17;130
61177;46;23;16;130
61178;46;23;16;130
61179;46;23;16;130
61180;50;28;16;130
61181;50;28;16;130
61182;50;28;16;130
61183;50;35;16;130
61184;50;35;16;130
61185;50;35;16;130
61186;49;24;17;135
61187;49;24;17;135
61188;49;24;17;135
61189;50;26;16;125
61190;50;26;16;125
61191;50;26;16;125
28413;44;23;15;125
28412;42;21;15;120
28414;44;23;15;125
28980;44;25;16;125
28981;42;20;15;120
28982;44;22;15;125
28983;44;22;18;120
28517;56;36;17;140
28519;54;33;17;145
28520;54;33;17;145
28521;54;33;17;145
28522;49;33;19;140
28523;49;33;19;140
28524;49;33;19;140
28526;46;41;21;145
28528;50;28;19;145
28529;50;28;19;145
28531;54;31;18;145
60051;51;42;18;140
60052;51;42;18;140
28536;52;27;18;145
28539;49;31;17;140
28540;49;31;17;140
28541;49;31;17;140
60053;52;36;17;140
28542;50;35;20;145
28544;50;35;20;145
28545;48;32;20;145
28548;52;32;17;140
28551;48;36;20;155
28552;48;36;20;155
28553;48;36;20;155
28554;55;30;17;140
28555;55;30;17;140
28556;55;30;17;140
28557;50;29;19;145
28558;50;29;19;145
28559;55;32;16;145
28561;55;32;16;145
28565;50;32;18;140
28566;50;32;18;140
28568;54;32;16;140
28569;54;32;16;140
28570;54;32;16;140
28573;48;39;20;140
28574;48;39;20;140
28575;48;39;20;140
28576;48;30;20;145
28577;48;30;20;145
28578;54;33;17;140
28579;54;33;17;140
28581;54;32;19;140
28582;54;32;19;140
28591;53;35;15;140
28592;53;35;15;140
28593;53;35;15;140
28594;47;31;21;140
28596;47;31;21;140
23287;51;27;16;135
23288;51;27;16;135
61634;51;29;15;135
23289;50;24;18;135
23290;50;24;18;135
61633;50;29;14;140
23291;52;27;15;135
23292;52;27;15;135
23293;52;26;16;135
23294;52;26;16;135
23296;51;26;16;130
23295;51;26;16;130
23297;52;26;16;130
23299;49;25;17;140
23298;49;25;17;140
27259;54;33;16;140
29425;54;33;16;140
21669;54;38;17;140
21670;54;30;17;140
21626;53;28;15;140
27263;53;29;15;140
21628;56;30;15;140
21169;55;31;15;140
21250;56;30;17;140
20965;53;27;16;135
20966;53;27;16;135
61361;54;32;16;145
60635;56;34;16;145
60636;56;32;17;140
20969;53;39;18;140
21402;60;42;15;145
21525;52;34;15;135
28023;46;31;20;145
60710;53;30;17;135
22712;54;31;17;135
22923;53;38;19;140
22710;53;27;17;140
22713;56;36;17;140
22715;53;27;17;140
22716;54;29;17;140
27511;48;23;17;130
60638;53;30;14;135
61369;53;38;14;140
61368;53;38;14;140
60640;54;35;14;135
60641;52;31;14;140
60642;52;31;14;140
61370;50;37;15;135
60643;54;39;15;135
60645;53;44;16;140
60650;53;35;15;140
60652;53;35;15;140
25000;48;25;19;140
24995;50;26;15;130
24994;50;27;15;130
28261;52;36;16;140
21537;54;27;18;140
21719;53;29;18;135
21539;53;27;18;140
27756;51;26;18;140
60443;55;31;15;145
60446;55;36;16;140
60447;53;32;18;140
60448;53;32;18;140
60449;48;38;21;145
61208;50;25;17;135
61209;50;25;17;135
29067;52;25;17;135
29071;53;28;17;135
29077;52;27;17;135
29081;51;28;17;135
60451;53;28;18;135
60452;53;28;18;135
29088;51;27;16;135
29089;51;27;16;135
29090;51;26;16;135
60453;53;28;18;135
60454;53;28;18;135
60455;53;28;18;135
60456;51;27;17;135
60457;51;27;17;135
60458;51;27;17;135
60459;52;27;18;135
60460;52;27;18;135
60461;51;25;18;135
60462;51;25;18;135
60463;50;28;17;135
60464;50;28;17;135
60465;50;28;17;135
60466;50;28;17;135
60467;52;27;17;135
60468;52;29;16;135
60470;52;29;16;135
60469;52;29;16;135
60472;54;29;15;135
60473;54;29;15;135
60474;54;29;15;135
60475;52;29;16;140
60476;52;29;16;140
60477;53;30;16;135
23794;56;35;18;145
23796;52;29;18;140
23797;52;29;18;140
23798;52;29;18;140
23799;55;32;17;140
23800;55;32;17;140
23801;55;32;17;140
23803;56;30;15;140
23804;56;30;15;140
23805;55;32;19;145
23807;55;32;19;145
23806;55;32;19;145
23808;55;31;17;145
23809;55;31;17;145
23810;55;31;17;145
23811;55;30;17;145
23812;55;30;17;145
23814;57;31;16;145
23820;51;40;20;140
23821;51;40;20;140
23822;51;40;20;140
23827;52;39;19;140
23828;52;39;19;140
23830;54;37;21;145
23831;54;37;21;145
23832;54;37;21;145
23833;55;37;17;145
23834;55;37;17;145
23835;55;37;17;145
23836;56;35;19;145
23837;56;35;19;145
23838;56;35;19;145
23839;48;40;21;150
23840;48;40;21;150
23842;48;40;21;150
23844;56;35;18;145
23845;56;35;18;145
23846;50;35;18;145
23847;50;35;18;145
23848;50;35;18;145
60450;54;29;17;140
61204;47;27;17;135
61206;49;28;15;135
61205;49;28;15;135
60485;47;28;15;135
61207;47;28;15;135
29117;47;25;17;135
29130;48;26;18;135
23849;48;28;16;130
23850;48;28;16;130
23851;48;28;16;130
23852;48;28;16;130
23855;49;27;17;135
23854;49;27;17;135
60479;48;29;18;135
60478;48;29;18;135
60480;48;29;18;135
23857;48;28;17;135
23858;48;28;17;135
23860;48;28;17;135
60481;50;26;17;135
60482;50;26;17;135
60486;47;28;15;135
22307;51;28;18;140
22308;54;28;16;140
22292;53;30;16;145
22291;53;30;16;145
22545;51;27;19;140
22538;53;31;17;140
22539;53;31;17;140
22540;52;27;20;140
22541;52;27;20;140
24125;51;27;17;143
24014;49;26;15;135
24016;48;26;15;135
24017;53;28;17;135
24031;54;30;15;138
24039;52;43;19;140
24040;52;43;20;140
24047;51;47;17;140
24041;51;46;17;140
24048;46;39;18;140
24062;52;28;14;140
24066;51;31;18;145
24068;53;33;17;141
24113;52;33;17;140
21000;53;30;16;140
24118;53;30;16;140
24120;52;26;17;135
24122;50;29;17;132
24085;52;36;18;145
24131;53;36;17;135
27947;53;28;18;140
24133;53;29;18;140
24134;51;38;20;140
24138;54;36;16;140
24143;53;34;17;142
24146;53;38;17;140
24149;52;31;17;140
24150;52;31;17;140
24205;52;39;17;140
24207;56;30;15;135
24208;49;34;18;140
24214;53;40;17;135
24421;52;32;18;140
24422;55;46;17;140
27380;49;39;20;145
27378;49;39;20;145
27379;49;38;19;145
27381;49;38;19;145
27383;46;39;23;145
27386;53;39;18;145
27388;54;37;18;145
27390;48;36;21;145
27389;48;36;21;145
27392;48;35;20;145
27394;48;30;18;145
27395;48;30;18;145
27397;51;25;18;145
27396;51;25;18;145
22154;52;36;16;140
21555;54;37;16;140
21556;54;37;16;140
21557;55;41;15;140
21577;55;40;19;145
21578;55;34;18;135
21580;55;34;18;135
23001;46;24;20;135
23002;50;25;19;135
23072;50;25;19;138
23080;49;25;17;138
23074;49;25;17;138
23079;50;25;19;138
23075;49;25;17;138
23009;50;31;19;140
23010;53;28;15;135
23052;56;28;14;135
23054;55;32;17;140
23058;52;25;18;140
23048;53;26;17;135
23086;53;27;17;135
23087;50;29;20;135
23050;50;30;20;135
23016;51;24;16;140
23036;51;24;16;140
23077;53;26;15;140
23063;53;26;16;140
23018;53;34;19;145
23088;54;32;14;135
23092;52;29;19;140
23093;53;32;18;140
23094;51;25;15;135
23095;51;26;19;135
21564;53;36;18;140
21563;53;36;18;140
21567;52;35;18;140
21566;52;35;18;140
21569;53;32;17;140
21568;53;32;17;140
21663;51;40;17;135
21570;51;40;17;135
21665;52;29;16;135
21664;52;29;16;135
21666;52;43;18;140
60766;54;29;16;135
60767;54;29;16;135
22529;54;27;17;135
60768;51;25;17;135
60091;51;27;16;135
23272;52;25;15;140
26050;52;24;15;140
23273;51;31;15;140
60769;49;24;17;135
60770;49;24;17;135
23276;52;26;15;140
60772;54;30;15;135
60773;52;28;16;135
60774;52;28;16;135
60775;49;28;16;135
23277;49;27;16;135
60777;48;23;16;130
60778;48;23;16;130
60779;48;28;17;135
60780;48;28;17;135
60781;48;23;17;130
60782;48;23;17;130
60783;49;26;17;135
60784;49;26;17;135
27350;53;26;13;135
27351;53;27;13;135
20930;52;27;16;140
20933;51;27;16;135
20934;51;28;16;135
20931;51;27;15;135
20932;53;27;17;140
20935;50;27;16;135
20936;52;27;15;130
20937;52;27;15;130
20938;49;30;18;140
20941;53;31;15;135
20942;53;31;15;135
20943;51;34;17;140
60378;51;28;18;130
60379;51;28;18;130
60380;53;30;17;135
60381;53;27;17;130
60382;51;28;16;135
60383;51;25;17;130
22783;52;26;15;130
22784;50;26;16;135
22785;52;29;15;135
61768;52;27;17;135
61769;54;29;16;135
61770;53;31;16;135
61771;45;31;20;135
61772;45;31;20;135
61773;45;31;20;135
61774;49;31;19;135
61777;53;32;14;135
61775;52;27;18;135
61776;51;25;19;140
21416;49;25;17;135
23421;49;26;17;135
21422;51;27;19;130
61778;52;26;15;135
61779;52;26;15;135
61780;52;26;15;135
60232;47;31;16;130
60234;51;26;16;135
60236;52;26;16;135
60237;52;26;16;135
60238;52;26;16;135
60940;52;25;14;128
60941;56;27;16;130
60942;53;26;18;135
60943;54;26;16;135
60944;51;26;18;135
60945;51;26;18;135
60946;51;26;18;135
60947;52;29;17;135
60948;52;29;17;135
60949;52;29;17;135
60950;51;25;18;135
60951;50;27;19;135
60952;50;27;19;135
60953;53;26;17;140
60954;53;30;17;140
60955;53;30;17;140
60956;53;30;17;140
60957;54;35;16;140
60958;53;26;15;140
60960;52;33;16;140
60961;51;27;19;135
60962;54;36;17;135
60963;51;29;18;135
60964;53;28;17;135
60965;52;28;18;135
60966;52;28;18;135
60967;53;26;19;140
60968;53;25;19;140
60969;53;31;19;142
60970;53;31;19;142
60972;53;29;19;140
60973;53;29;19;140
60974;51;28;16;135
23312;51;30;18;135
23314;52;26;18;135
23316;53;26;16;140
23319;52;33;16;140
23320;54;26;18;140
28830;49;28;19;140
28831;51;26;15;135
28833;53;26;15;135
22431;53;27;16;135
22432;50;27;16;135
22433;49;31;15;135
22434;48;25;17;135
22437;52;34;17;140
22440;54;42;17;135
22441;54;42;17;135
22443;52;38;17;135
60816;50;31;18;142
60817;53;26;18;135
60818;53;25;19;135
60819;51;28;15;135
60820;51;29;15;135
60821;51;28;15;135
60822;51;29;15;135
60823;51;28;15;135
60824;50;25;17;140
60825;54;37;17;140
60826;52;34;18;140
60827;49;35;19;135
60828;49;35;19;135
60849;50;25;17;135
60850;50;25;17;135
60852;46;22;17;135
60853;46;22;17;135
60855;51;35;16;140
60856;51;35;16;140
60857;52;27;18;140
60830;50;25;16;140
60832;52;24;16;140
60837;46;24;17;135
60840;49;25;17;140
60843;45;29;15;123
60844;44;28;16;123
60845;44;28;16;123
60846;40;27;16;123
60847;40;27;16;123
60848;57;38;16;135
60257;53;32;17;135
60258;53;32;17;135
60259;55;32;18;135
60260;54;35;16;140
60699;51;30;19;140
60263;52;29;18;135
60264;50;23;17;135
60265;50;23;17;135
60266;50;23;17;135
60267;54;27;19;140
60268;54;27;19;140
60269;52;28;19;140
60270;52;28;19;140
60271;52;28;19;140
61590;55;37;17;140
61591;55;37;17;140
60272;51;27;19;140
60273;51;27;19;140
60277;50;27;16;135
60279;52;29;17;135
60280;52;28;17;135
60281;54;28;16;140
60282;51;28;14;135
60283;51;28;14;135
61588;53;29;14;135
60289;50;44;16;140
61593;50;43;16;140
60290;50;43;16;140
26137;46;28;20;140
26138;46;28;20;140
26139;46;28;20;140
23120;50;23;17;135
61670;52;34;18;140
61651;52;34;16;135
28676;52;36;16;135
28677;52;36;16;135
28678;52;36;16;135
60531;50;27;17;135
61653;51;31;18;135
28681;53;29;17;130
28682;53;29;17;130
28683;52;29;16;135
28685;52;29;16;135
28686;52;29;16;135
60532;53;33;16;135
27126;52;26;16;135
61654;52;29;17;135
61655;52;29;17;135
28693;53;36;17;130
28694;52;24;17;135
28695;52;24;17;135
28698;52;26;16;135
60534;50;27;19;130
60055;50;38;17;140
60056;50;38;17;140
60057;50;38;17;140
28702;52;36;20;135
28703;50;36;18;130
28704;52;36;20;135
28706;51;29;17;135
61656;50;35;18;140
28711;51;30;18;140
28713;51;30;18;140
22854;49;24;17;130
22853;49;24;17;130
22860;45;25;14;125
22862;45;25;14;125
22861;45;25;14;125
22864;47;24;16;125
22867;51;25;15;125
22868;51;25;15;125
22869;47;23;15;125
22871;47;23;15;125
22874;50;28;13;130
22872;50;28;13;130
22873;50;28;13;130
22875;47;27;14;125
22878;48;24;16;125
22877;48;24;16;125
22879;48;24;16;125
22881;46;24;15;120
22883;47;26;16;125
22884;44;24;13;115
22885;44;24;13;115
22886;47;23;15;120
22887;47;23;15;120
22888;47;23;15;120
60535;50;26;17;135
60536;50;27;17;135
28719;55;34;16;135
28721;52;28;16;135
28722;52;28;16;135
28727;52;30;17;140
28728;52;30;17;140
28730;56;36;18;135
28732;51;30;18;135
28733;51;30;18;135
28734;51;30;18;135
60537;53;27;16;135
28735;53;35;17;135
28736;53;35;17;135
28737;53;35;17;135
28738;52;26;16;135
28739;52;26;16;135
28745;51;25;15;130
28747;54;34;17;135
28748;54;34;17;135
28749;54;34;17;135
28751;52;27;17;135
28758;49;29;16;135
28759;49;29;16;135
61658;51;32;15;125
28760;52;32;17;130
28761;52;32;17;130
60539;50;28;16;130
60540;50;28;16;130
61659;48;31;18;135
61660;51;34;18;130
28766;53;37;16;135
28767;53;37;16;135
28768;53;30;15;135
28769;53;30;15;135
28770;53;35;14;140
60541;50;27;18;140
22449;50;27;18;140
27812;46;26;15;125
60171;45;22;15;120
60176;50;25;18;130
60177;52;29;15;135
60178;52;29;15;135
60172;45;22;16;125
60173;45;22;16;125
60179;52;27;16;135
60180;52;27;16;135
28231;52;26;16;135
28232;48;25;15;135
28233;48;25;15;135
28235;54;28;15;135
28014;54;27;15;135
28234;54;28;15;135
28010;53;32;15;141
28032;52;27;15;138
27943;52;27;17;135
27945;52;27;17;135
29586;52;26;14;135
28049;52;25;14;135
28050;52;30;17;130
28052;52;25;14;140
28058;52;26;17;140
28085;51;35;20;145
28087;51;35;20;145
28094;52;33;17;145
28108;51;39;19;140
28064;50;33;16;140
28065;50;33;16;140
28067;52;30;15;135
28071;51;30;17;135
28075;53;26;17;135
28195;55;29;15;135
28196;54;34;14;135
28197;54;29;14;135
28198;52;32;16;135
28199;52;28;16;130
28200;53;28;15;140
21009;52;27;18;138
21211;54;30;14;125
21012;49;26;16;135
21020;54;24;17;135
21025;53;24;18;135
21040;53;25;17;135
21042;53;25;17;135
21048;51;24;17;135
21078;46;26;16;130
21079;45;24;17;130
21081;55;28;17;140
21095;52;31;17;140
21096;53;28;15;138
21120;50;36;16;145
21129;51;26;17;135
21133;53;31;16;140
21135;55;32;14;140
21136;51;25;17;135
61121;54;27;17;135
21145;55;24;17;135
21146;55;25;17;135
21147;54;24;18;135
21153;53;29;17;138
21154;54;32;16;135
22105;53;26;18;140
22106;59;28;15;140
22107;52;26;17;135
22109;53;27;18;135
21472;55;33;13;140
21473;55;33;13;140
21552;55;33;13;140
21469;55;33;13;140
21470;55;33;13;140
21471;55;33;13;140
21553;54;33;18;135
21554;57;35;18;140
61092;53;27;18;140
61093;48;26;18;140
61095;52;27;13;140
61097;51;27;18;138
61098;53;31;17;139
61100;50;29;16;138
61111;51;29;17;135
61112;53;30;18;135
61113;53;30;18;135
60487;45;33;20;140
60488;45;33;20;140
60489;48;27;16;130
60491;52;26;16;135
60492;53;29;15;135
60493;44;33;17;125
60494;44;33;17;125
60495;53;27;17;135
60496;53;27;17;135
60497;52;26;16;140
60498;52;26;16;140
60499;50;35;19;145
24402;50;35;19;145
60501;50;35;19;145
26309;49;24;18;135
22294;54;43;14;140
22299;54;32;16;135
22276;52;30;17;140
22277;52;30;17;140
61364;52;31;16;135
22268;57;41;13;135
22281;51;33;16;135
61365;52;37;16;135
22285;51;29;17;135
22284;51;29;17;135
22286;51;29;17;135
22288;49;28;17;135
22289;52;28;17;135
22287;50;28;17;135
22290;52;28;17;135
21529;54;43;14;140
21530;52;35;17;140
61366;52;27;15;140
61367;52;27;15;140
60582;51;29;16;140
60654;52;42;18;140
60655;52;42;18;140
60658;52;31;14;140
61371;52;33;16;130
61372;53;32;15;135
61373;51;39;16;140
61374;51;30;16;140
29384;51;26;15;135
29385;51;26;15;135
29386;51;26;15;135
60514;51;27;19;140
21725;51;29;15;135
61583;52;30;16;135
61584;52;30;16;135
61585;52;30;16;135
61586;51;27;15;130
22554;52;31;16;130
22555;52;31;16;130
61580;47;39;18;135
61581;49;35;16;135
60515;52;28;15;140
21585;52;28;15;140
60516;52;28;15;140
21587;53;28;18;140
60517;53;28;18;140
21590;53;30;17;135
61582;52;25;17;135
60518;52;25;17;135
60519;51;29;17;130
60520;51;29;17;130
60521;51;29;17;130
60522;53;34;16;140
27898;51;29;17;135
27899;50;25;17;130
22558;52;27;17;135
27896;50;26;16;135
60524;49;26;14;130
27900;51;28;17;135
28777;51;35;16;133
28778;54;37;18;143
28779;51;27;16;135
28782;47;23;17;130
28783;47;23;17;130
28784;52;39;17;135
28787;51;28;16;135
28789;49;25;16;130
28790;49;25;16;130
28791;49;25;16;130
28792;50;27;17;140
28793;50;27;17;140
28794;50;27;17;140
60542;50;25;16;125
60543;50;25;16;125
28798;53;27;15;135
28800;53;27;15;135
28801;47;32;19;130
28802;47;32;19;130
28803;47;32;19;130
60058;51;27;17;135
60059;51;27;17;135
28805;53;26;16;135
28806;53;26;16;135
28808;52;26;17;133
28809;52;26;17;133
60544;50;25;15;130
60545;50;25;15;130
60546;50;26;15;130
28810;51;28;16;145
28811;51;28;16;145
28812;51;28;16;145
28814;48;24;16;130
28815;48;24;16;130
28817;50;27;14;130
28819;53;30;17;135
28820;53;30;17;135
60547;52;30;16;135
60548;54;25;17;140
60549;54;25;17;140
21328;52;27;13;135
28821;53;25;14;135
28823;50;32;17;130
28824;50;32;17;130
28825;51;27;16;135
28827;51;27;16;135
28828;49;25;16;125
28829;49;25;16;125
27157;49;24;14;130
28836;54;30;18;135
28837;54;30;18;135
60061;52;38;18;140
60060;52;38;18;140
28839;52;25;18;140
28840;52;25;18;140
28841;52;25;16;140
28842;52;25;16;140
28843;50;36;19;140
28845;49;24;16;130
28846;49;24;16;130
28847;49;24;16;130
28848;53;27;15;130
60062;51;25;15;135
60064;51;25;15;135
60063;51;25;15;135
28850;51;24;14;135
28851;51;24;14;135
28852;50;25;16;130
28853;50;25;16;130
28854;50;25;16;130
60105;53;25;16;140
21329;53;26;16;140
28861;54;30;14;130
28862;54;30;14;130
28863;54;30;14;130
28865;53;32;18;135
28866;53;32;18;135
28867;50;25;16;135
28872;48;22;13;135
28873;48;32;16;135
28876;51;27;15;135
28878;51;27;15;135
28879;49;24;14;135
60106;48;22;16;132
60550;48;22;16;132
28016;53;26;16;135
28259;53;33;16;140
20958;54;35;15;140
27654;54;35;15;140
20960;54;35;15;140
22675;44;25;18;120
22676;44;25;18;120
28912;52;25;16;135
21304;52;27;17;135
28913;52;27;17;135
21269;52;27;16;135
61661;49;27;19;135
61662;51;34;18;135
60551;51;26;17;135
60552;53;29;17;135
61663;53;29;17;135
21308;51;27;16;130
28915;51;27;16;130
21313;50;29;15;130
21314;55;27;15;135
21315;51;27;17;135
60558;54;26;15;135
60559;54;26;15;135
61664;52;26;17;135
61665;50;42;17;135
21316;51;28;15;130
61666;51;28;15;130
21317;50;26;17;130
61667;51;29;15;135
61669;49;25;15;130
61668;49;25;15;130
24265;55;43;13;140
24266;55;43;13;140
24267;52;36;16;140
24268;52;36;16;140
22956;54;35;17;140
26183;50;25;17;130
60092;52;27;18;135
60093;52;27;18;135
60094;49;24;17;130
60095;52;25;16;135
60096;52;25;16;135
60097;52;25;16;135
60098;52;27;15;135
60099;52;27;15;135
60100;52;27;15;135
60101;49;27;16;135
60102;49;27;16;135
60103;49;27;16;135
27663;51;27;16;130
27667;51;27;16;130
27674;51;29;15;130
26838;52;25;17;135
61408;55;31;16;135
61405;55;42;17;140
61409;56;37;16;140
61410;56;37;16;140
61412;47;26;18;130
61311;53;29;13;135
61313;53;29;13;135
61314;53;29;14;135
61315;53;29;15;135
61318;54;39;18;135
61317;54;39;18;135
61320;52;40;18;135
61321;52;38;15;135
61322;53;34;16;135
61323;53;29;16;135
61325;52;27;17;135
61324;52;27;17;135
61327;56;29;18;145
61326;56;29;18;145
61328;56;33;17;140
61331;54;31;17;135
61329;54;31;17;135
61330;54;31;17;135
61333;53;33;16;135
61332;53;33;16;135
61334;53;45;18;140
61335;53;45;18;140
21506;51;38;17;140
61358;54;32;16;135
61359;56;38;15;140
21500;51;32;17;140
21504;51;31;16;135
21502;53;32;18;140
21503;53;32;18;140
60588;49;35;21;140
60594;53;26;19;135
60593;56;39;12;135
60590;56;41;15;135
61550;53;37;18;140
22728;52;27;17;140
22729;52;29;19;135
22731;53;29;18;140
22732;52;25;18;135
22740;52;33;18;140
22067;52;25;17;135
22070;59;28;14;140
22071;52;26;17;135
22074;52;27;17;135
22075;53;27;18;135
22076;54;26;17;135
20833;55;27;17;135
20835;56;26;17;142
20838;56;26;17;142
20843;52;26;18;140
20806;54;28;18;140
20812;55;28;18;145
20865;55;30;17;135
20885;55;34;19;145
22766;49;26;15;135
22767;49;26;15;135
60386;52;25;17;135
22770;50;26;15;135
22771;50;26;15;135
60387;50;25;17;135
60388;48;25;16;135
60391;50;26;16;135
22774;51;26;16;135
60392;53;23;17;135
28954;55;33;15;130
61132;56;30;15;140
61133;52;28;18;135
61134;54;27;14;140
61091;53;32;19;135
61129;52;27;15;135
61130;54;31;16;130
61131;53;27;19;140
61135;53;41;18;140
61136;49;40;15;140
61137;55;30;17;140
29936;44;29;15;125
29937;43;37;15;125
27009;43;37;15;125
29617;55;35;16;140
60240;53;34;17;140
60241;54;32;16;140
60246;54;38;17;140
60247;54;37;17;140
60249;53;32;18;140
60250;54;30;19;140
60251;54;35;16;140
60253;53;32;18;140
60254;54;35;17;140
26487;50;27;17;138
60813;52;26;15;135
60814;52;26;15;135
60815;52;26;15;135
60912;60;30;15;130
60913;60;30;15;130
60914;60;30;15;130
60915;60;30;15;130
60916;52;27;16;135
60917;49;28;17;140
60918;49;27;18;145
21839;51;27;16;135
24679;51;27;16;135
24680;51;27;16;135
21841;49;27;17;135
21843;50;25;18;135
21846;51;27;19;145
60919;50;25;16;135
60920;50;25;16;135
60921;50;25;16;135
60922;50;25;16;135
61730;53;27;17;145
61728;53;37;17;145
61729;56;37;17;138
28043;52;28;19;140
28080;52;29;16;140
28082;49;27;16;135
61017;55;27;17;140
28238;55;26;17;140
21543;54;33;14;140
21545;53;29;14;140
21544;53;29;14;140
21546;54;31;16;140
21547;54;31;16;140
21548;56;40;17;140
21549;56;40;17;140
21550;56;40;17;140
60690;51;27;17;135
60689;50;25;16;135
27717;53;27;16;135
22636;52;26;17;135
22638;50;27;15;135
28972;50;26;17;135
28973;50;26;17;135
28974;50;26;17;135
28975;50;26;17;135
21629;53;28;17;140
28297;50;25;16;140
24269;54;29;16;140
21635;50;41;22;150
28298;53;28;15;140
26262;50;30;19;135
24270;50;30;19;135
61283;50;30;19;135
61284;50;30;19;135
28299;52;31;16;140
61138;52;29;15;140
21639;54;31;16;140
26263;52;38;18;145
28302;50;28;16;140
61285;52;29;16;140
61139;52;30;16;140
28300;52;30;17;140
21803;54;32;18;145
21804;54;31;18;145
61287;54;32;18;145
28301;54;35;17;145
21738;54;35;17;145
22226;49;37;20;140
21765;52;39;20;145
28219;52;40;20;145
21805;53;36;17;140
21806;53;36;17;140
22166;50;34;17;140
28305;51;33;17;140
28306;52;33;17;140
21656;50;25;16;135
22169;50;25;16;135
28307;51;32;16;135
28308;51;32;16;135
22339;55;38;18;145
22340;55;38;18;145
22342;53;34;16;140
22359;53;34;16;140
22361;49;34;19;140
61290;49;43;21;145
61289;49;43;21;145
61291;54;29;17;145
61292;54;29;17;145
61294;54;29;17;145
61293;54;29;17;145
22363;51;40;19;140
22365;53;42;19;145
22366;53;42;19;145
61295;55;47;14;140
61296;55;47;14;140
22156;53;31;17;140
22368;52;27;17;140
29567;54;33;18;145
29568;54;33;18;145
28309;51;24;17;140
29569;52;29;18;135
29570;52;29;15;135
29571;55;33;17;150
22370;55;33;17;150
61299;47;44;21;140
61300;52;31;17;145
61301;52;31;17;145
61302;52;31;17;145
22371;54;31;18;140
22373;54;31;18;140
27374;51;30;19;140
21658;53;33;16;140
22379;55;36;17;140
22380;55;36;17;140
61153;53;32;17;140
61713;54;31;17;135
61717;53;29;16;140
61716;52;25;18;138
61715;51;25;18;138
61718;52;36;18;143
61719;55;30;18;143
61714;54;29;18;138
61712;53;27;17;135
22550;52;27;15;135
22551;54;31;17;125
22552;53;29;17;135
22553;52;28;18;130
21721;51;29;17;130
60785;52;33;16;135
23278;52;33;17;140
23180;57;41;16;130
27787;53;29;17;135
23181;54;37;17;135
23182;55;30;17;135
21823;55;32;15;135
23183;55;30;16;135
23184;55;30;16;135
23185;52;32;17;135
23672;56;33;15;135
27793;56;30;14;135
27794;56;30;14;135
23186;56;31;14;135
60399;51;26;17;135
60401;53;27;14;135
60403;54;45;16;140
60404;56;34;17;135
60405;51;28;20;140
60407;54;29;16;140
22795;53;33;18;130
22798;51;32;18;138
22796;51;32;18;138
22797;51;32;18;138
22800;52;36;18;140
22802;50;35;15;135
22801;50;35;15;135
22803;50;35;15;135
22804;53;36;17;135
22806;53;36;17;135
22807;51;29;15;135
22808;51;29;15;135
22810;53;30;16;140
22809;53;30;16;140
22811;53;30;16;140
22814;51;30;16;135
22815;52;36;18;140
22817;52;36;18;140
22816;52;36;18;140
22819;48;28;14;130
22818;48;28;14;130
22820;48;28;14;130
22821;51;34;16;135
22823;51;34;16;135
22822;51;34;16;135
22824;54;43;20;137
22825;54;43;20;137
22826;54;43;20;137
22827;51;27;18;135
22828;51;27;18;135
22829;51;27;18;135
22832;53;26;16;130
22831;53;26;16;130
22833;50;37;16;140
22835;50;25;18;130
22836;50;25;18;130
22842;54;36;17;140
22841;54;36;17;140
22838;54;36;17;140
22839;54;36;17;140
22840;54;36;17;140
60065;52;27;16;135
22846;48;24;15;130
22847;48;24;15;130
22850;50;26;18;135
22849;50;26;18;135
22848;50;26;18;135
61731;53;38;18;138
61732;51;37;18;135
61733;45;36;22;145
61734;45;36;22;145
61141;50;34;20;145
61143;54;39;14;140
61146;46;43;23;145
61147;46;43;23;145
61149;53;33;18;135
23041;53;31;16;135
23042;52;33;16;140
23043;52;33;15;135
23037;53;34;16;135
29362;48;29;17;130
29363;47;31;17;130
29365;48;29;18;130
29366;48;28;18;130
29367;48;30;18;130
29368;42;25;21;125
29370;42;25;21;125
29372;45;26;19;130
29359;52;38;18;135
25834;49;33;17;135
28025;52;40;18;135
26965;43;26;17;125
61643;51;29;14;135
21865;54;30;16;140
61245;51;25;16;135
61244;52;27;15;135
61242;49;25;17;135
61243;49;25;17;135
61241;51;26;17;135
61238;50;26;18;135
22650;44;22;17;125
60691;49;26;17;135
22992;50;26;16;135
22993;50;26;16;135
22688;50;26;16;135
22681;50;24;17;135
22683;50;28;15;135
22658;50;26;16;130
22660;50;26;16;135
22687;50;27;16;135
22682;52;28;15;135
60603;51;28;17;135
60604;51;28;17;135
60596;50;27;19;135
61375;50;27;19;135
60606;52;29;17;135
61376;52;30;17;135
60605;50;41;17;135
60597;51;31;16;135
61377;53;29;16;135
60601;53;33;13;135
60602;53;33;13;135
60975;53;24;16;135
60976;52;28;16;135
60977;52;28;16;135
60978;51;27;14;135
60979;51;27;14;135
60980;51;27;14;135
60981;52;31;14;135
60982;51;28;17;135
60983;51;28;16;135
60984;52;29;15;135
60985;53;29;15;140
60986;51;24;16;135
60987;50;26;18;135
60988;49;33;18;140
60989;51;30;17;137
60413;51;29;16;140
60411;51;26;17;135
60429;50;27;17;135
60412;51;29;16;140
60415;50;25;17;135
60416;54;28;15;140
60418;52;27;17;135
60417;52;27;17;135
60422;51;29;17;140
60423;50;26;16;135
60424;50;26;16;135
60426;51;24;14;135
60427;52;27;17;135
60430;50;27;17;135
60428;50;27;17;135
60433;48;25;17;140
60409;52;28;18;130
60434;50;27;17;140
60435;50;27;17;140
60410;48;23;17;135
61720;50;26;16;135
61721;55;31;15;140
61722;49;27;15;130
61723;52;29;16;135
60181;52;25;16;135
60182;52;25;16;135
61724;53;31;15;135
61725;52;25;16;135
61726;52;25;16;135
27830;50;25;16;135
27831;50;25;16;135
27832;50;25;16;135
60183;48;25;18;130
61727;53;27;16;135
60187;48;25;17;130
29548;47;27;17;140
24172;53;30;16;135
24173;58;32;11;135
20975;52;29;16;140
20979;50;34;16;135
61378;52;30;15;140
27170;42;24;19;130
20986;51;37;16;135
20988;51;37;16;135
20989;51;36;16;135
20991;51;32;15;135
20992;51;32;15;135
21365;51;37;19;140
21367;51;37;19;140
21366;51;37;19;140
21368;54;33;15;140
21208;53;35;18;145
21209;53;35;18;145
21259;54;33;18;140
21260;54;33;18;140
21258;54;33;18;140
21263;53;30;17;140
21264;53;30;17;140
21262;53;30;17;140
21266;55;38;19;145
21265;55;38;19;145
21298;56;32;16;150
21318;56;32;16;150
21300;56;32;16;150
21319;54;29;16;140
21321;54;29;16;140
21320;54;29;16;140
21340;55;31;14;145
21378;53;31;17;145
21377;53;31;17;145
24792;56;32;18;135
24794;56;32;18;135
24793;56;32;18;135
24798;53;29;18;135
24800;53;31;15;135
21573;55;32;17;140
24803;52;30;16;135
24804;53;31;17;145
24810;54;36;17;140
24813;54;36;17;140
24817;53;29;17;135
24819;53;29;17;135
24825;51;30;18;135
24827;51;24;18;135
24829;57;33;16;135
24830;57;33;16;135
24831;57;33;16;135
24837;53;29;17;140
24839;54;30;16;140
60889;51;34;17;135
60890;51;34;17;135
60891;51;34;17;135
60892;52;33;16;140
60893;52;33;16;140
60894;53;31;16;140
60895;53;31;16;140
60896;53;31;16;140
60897;50;42;19;140
60898;50;42;19;140
60899;50;42;19;140
60900;49;41;20;140
60901;54;33;16;140
60902;52;30;18;135
60903;52;30;18;135
60904;52;31;17;135
60905;52;31;17;135
60906;52;31;17;135
60907;50;41;22;140
60908;50;41;22;140
22749;52;23;17;135
60934;53;34;16;130
60933;53;34;16;130
60294;52;41;16;135
60295;52;41;16;135
60935;52;41;16;135
60937;52;10;16;135
60936;52;10;16;135
60299;52;30;15;135
60300;52;30;15;135
60301;51;33;17;130
60302;51;33;17;130
60303;51;33;17;130
60304;54;38;14;130
60305;54;38;14;130
60939;54;37;14;130
60307;51;39;17;130
60308;51;39;17;130
61423;50;30;18;135
61416;50;30;18;135
61417;53;31;16;135
61419;50;28;16;135
61420;50;28;16;135
61421;53;27;16;135
61427;52;26;17;140
61426;52;26;17;140
61430;50;30;18;135
61429;51;26;17;135
61422;51;29;16;135
61425;52;30;18;135
61428;47;28;16;130
61415;52;29;18;135
61424;52;29;18;135
61418;51;26;18;140
23232;49;33;19;135
61195;52;32;20;140
61193;53;33;15;140
61194;54;32;17;135
60190;54;28;17;135
61198;49;27;17;135
61199;51;29;17;140
27848;50;28;17;133
61203;49;26;17;135
61196;54;28;17;135
61197;51;25;18;135
61200;50;28;17;132
23233;51;26;17;130
23234;53;26;17;135
60191;53;28;16;135
60192;53;28;16;135
60193;52;27;18;140
60194;49;27;17;133
60195;49;27;17;133
60196;51;28;16;132
60197;52;27;16;137
60198;52;27;16;137
60199;52;27;16;137
27852;53;28;16;135
27856;53;25;15;137
27858;53;25;15;137
27860;52;26;17;137
27862;52;26;17;137
27864;53;26;16;137
60201;52;28;17;140
60202;51;27;17;132
60205;52;30;16;135
23225;53;26;13;140
23227;49;26;16;130
60207;55;36;16;135
27706;47;37;17;140
21408;53;32;19;140
60073;47;33;15;140
60072;47;33;15;140
27710;45;36;18;140
60071;52;36;19;140
29397;51;30;18;135
29398;49;28;18;130
29401;44;26;18;125
29402;44;27;18;125
29403;42;25;18;125
29404;42;24;18;125
29408;51;27;18;140
25835;51;27;18;140
23194;51;25;15;130
27725;50;25;16;135
27243;54;25;17;140
21641;53;29;16;135
21643;53;30;16;135
21642;52;29;16;135
61513;52;32;16;135
61523;53;37;16;140
61522;53;37;16;140
61539;53;33;16;135
22206;52;28;18;135
28894;52;28;18;135
21434;54;30;16;140
21435;54;30;16;140
22209;54;34;12;135
28898;54;33;12;135
28899;54;33;12;135
21436;54;33;12;135
28901;54;33;16;135
28903;54;33;17;135
28904;54;33;17;135
61247;54;31;15;135
61236;54;31;15;135
60695;58;36;16;140
28905;52;27;16;135
22186;52;27;16;135
28906;51;35;19;145
61246;53;29;15;135
22188;51;36;14;135
28908;51;36;14;135
28909;53;32;14;135
60696;55;36;14;140
60697;55;36;14;140
26057;51;25;15;140
61441;52;27;17;135
61442;52;27;17;135
61431;50;30;14;135
61432;50;30;14;135
61435;52;31;17;135
61436;52;31;17;135
61439;52;27;17;135
61438;52;27;17;135
61443;52;27;17;135
61446;50;28;16;135
61447;50;28;16;135
61440;52;26;16;135
61434;52;26;16;135
61444;53;27;15;135
61445;53;27;15;135
61433;50;25;16;135
61437;50;25;16;135
22889;45;25;18;135
22892;45;25;15;135
22899;42;23;17;135
22901;43;35;17;135
22902;43;35;17;135
22903;43;35;17;135
22904;46;27;18;135
22906;46;26;15;130
22908;46;24;17;135
22909;46;24;17;135
22910;50;27;16;140
22911;50;27;16;140
22913;47;24;17;130
22914;44;23;19;135
22915;44;23;19;135
22916;44;23;19;135
22918;52;30;17;140
60607;50;42;19;145
21535;56;49;15;145
60609;53;41;17;145
60610;54;33;14;135
60611;54;33;14;135
60612;54;33;14;135
60615;52;36;15;135
21697;47;27;14;125
21696;47;27;14;125
21698;47;27;14;125
27432;49;29;16;130
27433;45;26;15;120
21855;45;25;15;120
21854;45;25;15;120
21856;49;26;16;130
21858;49;28;16;130
21857;49;28;16;130
22146;47;31;15;125
22145;47;31;15;125
21859;47;31;15;125
29003;49;25;16;135
29002;49;25;16;135
